"n_obs" "vglm_cl_N" "vglm_cl_LB" "vglm_cl_UB" "em_cl_N" "em_cl_LB" "em_cl_UB" "em_el_N" "em_el_LB" "em_el_UB" "em_pel_N" "em_pel_LB" "em_pel_UB"
132 218.617639773411 112.482329176258 324.752950370563 217.712127697745 108.421108548253 327.003146847238 208.17257424371 156.113592549887 434.175558835252 206.718337769518 155.982566394948 392.42662814889
124 216.311264624806 77.5401284815919 355.082400768021 214.765306701762 61.1672342648159 368.363379138708 200.662618929012 143.356838231772 564.153410269065 194.900271537632 142.942801383914 377.736770462532
118 283.079966733952 5.95240973221655 560.207523735687 279.622511811779 3.06636450859384 556.178659114965 255.866300112783 148.220943773082 1112.88081632909 221.784270725847 145.691903861571 419.075191481163
131 252.732365306455 23.2760339689961 482.188696643914 248.558998277223 34.6553980624333 462.462598492012 224.113156501874 151.667896909607 1069.04472614963 214.065086741492 151.172257769456 464.673143943827
131 167.612667909595 127.000369159741 208.224966659449 167.39558573573 124.867634131244 209.923537340215 163.134829888874 141.229332720508 237.747432908961 163.033250415992 141.221156468567 234.66015107486
128 197.798726340377 112.453984654301 283.143468026454 197.148693420076 118.558409714242 275.73897712591 188.958995422868 146.837883769069 365.592263120025 187.830381950725 146.737333867821 334.967489001366
119 179.269432695652 103.061451926232 255.477413465073 178.713264108376 105.721160549546 251.705367667206 170.966847460817 134.165954509713 330.601986412349 169.940205104675 134.078631323927 300.053488011956
130 234.007371336333 67.3141513531888 400.700591319478 231.730809668731 53.3341901341694 410.127429203293 214.773161485201 151.20017668249 715.12816557227 206.661835023897 150.64454416176 404.818847445809
138 272.022868123482 58.8289275784776 485.216808668486 269.138759021902 58.8483380316569 479.429180012148 248.754392273998 165.093796465492 837.122803320415 233.058264968691 163.960852640372 446.062190977819
137 190.775198867557 129.448171553838 252.102226181276 190.406031805965 132.783489166449 248.028574445481 184.252931840658 151.977902051171 298.852456122784 183.668013076007 151.919699177565 286.670378200912
131 185.201172560034 121.691959631343 248.710385488724 184.782600947878 121.729823209917 247.835378685839 178.412670111251 146.089372161348 303.754653560485 178.061623805035 146.060041686468 293.000417426741
124 140.079960811786 122.964545486216 157.195376137356 140.038780282072 122.426045571214 157.65151499293 138.023047997572 127.655280142187 164.986704904893 138.013517635123 127.654907437244 164.678090328881
126 185.786430767653 119.67496206174 251.897899473566 185.397261790764 114.94178028517 255.852743296357 179.285396736183 143.724461931193 303.051796405245 178.782445943213 143.676453421966 292.538216836667
131 224.239479709454 94.0248167600448 354.454142658864 222.610359624486 91.4780746732567 353.742644575715 210.431741509547 154.442506605143 559.561365337293 208.2308495708 154.279226582674 441.73241875925
137 210.639586934475 136.5919665579 284.68720731105 210.192405571685 129.502154303653 290.882656839717 204.180088143742 161.991503757356 337.902129470279 203.805356658558 161.950045080983 331.06534304604
126 282.337731088337 44.1539451374464 520.521517039227 279.444968049095 73.8941279609788 484.99580813721 259.745445369737 160.164988078623 924.567912308139 242.337982743044 158.832817285667 498.490120078495
135 333.85793568719 -65.000333376667 732.716204751046 325.399440864134 -78.4830289601085 729.281910688376 288.758367272226 164.285360498849 1916.2120938264 245.459699158314 161.937574888597 482.102826104044
130 554.314920341658 -295.990683256118 1404.62052393944 533.944622236817 -285.346755927892 1353.23600040153 488.599148022591 197.318650760461 4336.88310076782 339.157111745687 187.632099835681 695.168841278738
118 165.422730097831 106.300952523811 224.544507671851 164.95994923242 105.998016998804 223.921881466036 158.798040818645 130.253658439116 288.999604380822 158.437357473545 130.227576181233 272.388788158034
121 238.785411490262 30.1238462845577 447.446976695966 235.590652434367 23.3400873739728 447.841217494762 214.247450465392 141.624348320742 924.237280147796 202.664760192932 140.975636961484 421.579302085538
122 202.360359755538 95.6889261722031 309.031793338874 201.411181940544 82.2754317550876 320.546932126001 191.154559227133 142.174558337393 435.031823418189 189.26849322536 142.024592078737 370.395087563145
132 231.789239933022 53.2927302025088 410.285749663535 228.999154621227 30.701480537266 427.296828705187 209.164872015831 149.506470301451 840.237370043533 199.546800808335 148.924624708765 378.396454254706
124 270.71229730101 59.9308077085201 481.493786893501 268.212808016324 61.8661242699007 474.559491762748 251.413074709941 159.498076908397 813.297677654313 244.211945470946 158.970389598274 562.852579320486
135 180.073983061156 132.526042338019 227.621923784293 179.800186565207 130.587344451434 229.013028678981 175.231784217444 148.806871176291 264.620575467679 175.050351603615 148.790027001928 260.084611057431
135 181.319879316211 119.851280326971 242.78847830545 180.823360958246 122.058817626407 239.587904290084 173.74619940304 145.472768408698 309.591390436983 172.482996158659 145.363501313138 269.498669790823
120 196.126750818381 77.6867518338614 314.566749802902 194.675598633908 64.7967216014157 324.5544756664 181.942495769284 135.778645513669 519.028329061641 178.326661250504 135.533593867252 347.223544784721
114 142.567761439313 110.837794302939 174.297728575687 142.417216603866 111.110219083272 173.72421412446 139.001405071776 121.534280394001 196.600485897454 138.936978714832 121.530898312573 194.739738605394
134 241.706158042437 58.398541934546 425.013774150328 238.553137511894 74.6264295556505 402.479845468138 219.897635301807 156.037668474735 840.625864638572 213.370905315217 155.644028260561 451.611571664501
124 197.093672082993 99.9332537248408 294.254090441146 196.168023709944 104.009976670932 288.326070748957 186.589059106047 142.347847285899 413.966928596362 184.986298936422 142.219783875881 353.043311946583
138 177.228517792774 123.698868336397 230.75816724915 176.833136330389 119.959035294947 233.70723736583 170.217707076866 146.162845624928 282.729425072715 169.326304809847 146.089913906616 254.415314604973
129 150.682569132944 129.973955236081 171.391183029807 150.631287731715 129.59985495943 171.662720504001 148.506064372089 135.372888580906 180.243615812848 148.504092688101 135.372864143526 180.084483708314
129 241.081167977841 70.9962857427292 411.166050212952 238.83559009884 58.8558095831433 418.815370614536 222.785919475013 153.8114051313 702.181181479062 216.590074857267 153.378151786869 455.554855439616
127 170.753650139563 114.349762364917 227.157537914208 170.291114507899 114.25792807692 226.324300938879 164.038544487919 137.685491585776 289.908799348826 163.589372290416 137.650384671654 269.036388314506
125 225.652991455532 77.3585155992875 373.947467311776 223.928971322864 73.3897159797187 374.468226666008 209.666855889558 147.90704226815 599.28534039901 205.604942427856 147.626002840758 434.595961366357
115 215.755484063216 52.4044744884297 379.106493638003 213.833616419581 60.570483132795 367.096749706367 197.114964721395 133.972877875232 657.754583953803 188.955188917516 133.457657965472 381.93295342155
122 3397.18502629528 -7410.51344639471 14204.8834989853 2779.60061919899 -7489.92185266286 13049.1230910608 2822.72593891884 315.69828429237 120134.247156967 502.574471390137 225.21745611006 1032.60162177315
127 146.0165412919 125.693051490082 166.340031093719 145.938375608007 125.242303590494 166.634447625521 143.643839421431 131.773093840374 179.487925021627 143.634553549684 131.772755562944 178.953494498514
129 183.442602769656 114.836122162014 252.049083377299 182.919229844458 104.498986886449 261.339472802468 175.743393280105 143.101218110216 326.40279778005 175.04556183004 143.043126455706 299.831525416258
130 188.754974281786 119.74425331798 257.765695245592 188.252675451148 119.537483261589 256.967867640708 181.54499514535 146.595879265326 321.568507411697 181.120895826545 146.561571607559 308.231973952325
127 220.120034727485 98.9482216813166 341.291847773654 219.095397493256 105.70056928328 332.490225703233 207.94621430771 150.625294304793 473.06032555986 204.855099756741 150.357849100846 394.990180925582
122 175.963200980789 89.5771434999416 262.349258461637 174.904885778328 79.408077638303 270.401693918353 164.692156891157 132.973162642844 421.195901492879 163.52942506393 132.903361461715 314.664751161194
122 151.386369070745 110.204464819283 192.568273322206 151.070750142838 107.250765432242 194.890734853434 145.899235973973 127.99776415594 243.648298780623 145.677965958947 127.983521443055 226.42210459579
123 151.309196391423 120.648991405883 181.969401376963 151.185022644467 119.828109910369 182.541935378566 147.878512643188 130.652123811842 201.767182928949 147.830529676194 130.648843376604 200.310524936302
131 176.096092908045 117.20603936367 234.98614645242 175.659946553424 118.317774355125 233.002118751723 168.975007768081 141.809134496816 296.744553157647 168.489503745151 141.772193830884 275.997695751689
122 143.894508015163 121.394348473322 166.394667557005 143.826499131552 121.054048699427 166.598949563676 141.387286867089 127.807591625706 177.353421528069 141.352643892935 127.806321336628 176.807293163312
125 198.701153574783 111.182634027663 286.219673121902 198.059343449766 121.488790138161 274.629896761371 190.050528196841 145.37586548385 365.432258373759 188.468649193372 145.218481900963 331.521221613888
121 195.848866419019 101.007359401732 290.690373436306 195.060930780113 90.5425765695628 299.579284990663 186.079109260922 140.667239820843 392.620517956016 184.87102514789 140.566148574878 352.338648490755
126 150.065477781149 126.287017386128 173.843938176169 149.992384168218 126.204276163653 173.780492172782 147.526560956655 132.90373732405 184.853819685538 147.509253742909 132.902861498675 184.449371168054
125 216.098699739605 26.7936729193222 405.403726559887 212.461263520436 25.3490441182848 399.573482922588 189.578387598797 139.836293508716 932.479456453913 186.162325608116 139.711758620443 446.246986505435
138 162.861276389385 132.861118443531 192.861434335238 162.677708716354 131.407430737922 193.947986694786 159.151820816505 144.016967424455 221.252663107678 159.086184595072 144.013182481393 217.831126478787
129 194.331529614442 88.4731313583934 300.18992787049 193.027731578052 87.8664304257834 298.18903273032 180.588871115264 142.042644662535 487.548754993502 178.967034293477 141.956060865464 358.186282982278
130 227.255060520732 94.9856255126435 359.52449552882 225.598792978159 96.746029161924 354.451556794395 213.771830099058 155.712862062879 561.808215446267 212.024007477701 155.582569416647 463.557672467113
121 168.536351402926 115.280190683764 221.792512122088 168.202096721616 117.409772946919 218.994420496312 163.000782621321 134.489441729435 263.636811097125 162.641181514737 134.455033023101 255.011095315125
119 170.238195057008 108.021623491518 232.454766622499 169.788092922068 111.148371289513 228.427814554623 163.471006269973 132.586790766278 293.425829716311 162.985013206365 132.546943124577 276.674623314889
124 238.456424148584 31.0285268792381 445.884321417929 235.38823952788 18.9237744445016 451.852704611259 213.103878234164 143.310920834898 916.081355286153 201.048164377735 142.64703499529 405.415308179571
134 232.586119656716 114.597672752084 350.574566561348 231.633303862788 99.5282602754334 363.738347450142 221.586309460253 161.934313745901 464.555846408958 218.737476563933 161.637510023594 405.323762675154
130 161.631755170671 128.173063691964 195.090446649378 161.469719521046 130.329888095197 192.609550946895 157.992367494679 138.852940819508 216.1447923608 157.840549356534 138.838329620338 213.342006186302
123 146.509105086908 122.746267625622 170.271942548193 146.4311716503 121.880347930666 170.981995369935 143.932350732476 129.617280872769 182.350677047991 143.924351065988 129.617069514559 181.997976735754
114 170.702727540632 94.975933241763 246.429521839502 170.163223611221 98.8789387011575 241.447508521284 162.012741876857 127.001827306166 325.047801749215 160.859437788865 126.913849180205 287.602983879279
124 185.84507492893 111.909801916907 259.780347940952 185.288456023284 106.915631560165 263.661280486404 178.219785527131 141.404186817164 335.034658834236 177.728155655349 141.364718557286 317.086672564334
124 176.811220669911 105.796185911463 247.82625542836 176.304559233956 104.2593314874 248.349786980512 168.338433105953 136.06642875344 323.45678241467 167.221576505944 135.977757655358 285.227848189903
126 270.749760636531 58.8359904672239 482.663530805838 268.161531642283 25.2761494888737 511.046913795692 250.770831817311 159.866341287578 822.824767782808 240.193838413275 159.059003082312 516.48575895172
127 188.690611626107 94.5657032691012 282.815519983112 187.581936933773 98.4920057745028 276.671868093042 176.914798149567 140.415181660168 431.974333102294 175.802599159036 140.348158114616 347.745858066983
120 288.281971624289 34.8332010685311 541.730742180046 284.989454223661 44.8840716672532 525.094836780068 265.766792981982 158.486672806405 977.079620239676 253.128509521974 157.597459460154 586.088647155701
128 242.57472911542 74.5090288165239 410.640429414315 240.52563608899 49.5061595943506 431.54511258363 225.183025971 154.579817766409 675.760245200626 219.321551798238 154.152153807476 463.344866465752
127 170.07256590255 122.950919145078 217.194212660023 169.83031110886 124.648461045773 215.012161171947 165.09491232963 139.277241913724 249.708666203534 164.840361006278 139.253293100041 244.498592132982
128 189.675019922188 119.731141541051 259.618898303325 189.219677975117 123.382264737993 255.057091212242 182.658676524584 145.90700413232 317.850603173627 182.083456494643 145.849823688315 303.839983744865
119 810.151211504812 -1448.93163332572 3069.23405633534 724.392962562661 -1600.03268090606 3048.81860603138 601.255734396571 154.835294873861 24597.4901785061 267.413459250373 147.303495845123 573.482948069185
127 172.546372104972 118.89744314517 226.195301064775 172.222190971971 121.290609632159 223.153772311784 166.592772225886 139.161614806844 270.75139389365 166.267148603384 139.133921635614 261.332787911531
129 162.688778157676 123.127412787121 202.250143528232 162.495405018792 121.303196223371 203.687613814213 158.017465180258 137.312394236196 230.264707874046 157.750113484508 137.288394906948 224.063006946277
129 159.066274006471 125.632761725355 192.499786287587 158.900119713699 121.328569167451 196.471670259948 155.248459433586 137.007699949895 215.730599726309 155.181550513173 137.002702175835 213.604733333407
128 269.82649665659 59.5269749447102 480.126018368469 266.856538708634 57.7875043721215 475.925573045146 249.521928873295 161.452790970402 842.982056565889 243.005690084035 161.007215659083 568.277469085342
123 189.989348208604 93.5131803532322 286.465516063976 189.032381496665 90.8308247461301 287.2339382472 178.544349910055 137.454751842988 417.882353267759 175.02676836054 137.168759894033 306.638357231
128 160.564354400257 116.818717885061 204.309990915452 160.217244456254 112.368587338541 208.065901573967 154.998666334152 135.414050072153 258.63898410043 154.827696942483 135.403229898488 244.70238480145
129 210.943650900027 112.908961809604 308.978339990449 210.167117483765 107.488373133289 312.845861834242 201.385585698182 151.881262076125 403.715859200902 199.451016951101 151.685234879262 359.582299662908
127 168.09192493156 119.605943790645 216.577906072475 167.794972849841 117.573489301476 218.016456398205 162.616756150368 137.778826312584 257.726880503491 162.3070226462 137.753327358335 248.790281508367
131 193.926803739952 115.389436136307 272.464171343597 193.201165427782 118.700185437146 267.702145418418 185.509973191055 148.431899108782 368.231368237676 184.953023738958 148.387229364911 339.933978342805
128 164.051801618392 125.73701711939 202.366586117394 163.875242490824 125.494199422398 202.256285559249 159.975184824751 138.416756695645 226.844690322605 159.860752923967 138.407971475806 224.53035642171
122 197.964949746873 73.0534807867142 322.876418707031 196.29804083667 63.028361173665 329.567720499675 182.261013019226 136.511712231208 554.781009508086 178.504939604505 136.282700066156 350.9149681762
122 207.090295078456 82.1258823878509 332.054707769061 205.545950722434 80.6753136579332 330.416587786934 193.201320481402 141.665679609098 534.915113650388 190.51585076224 141.479941995202 397.243188732644
128 223.818792430327 102.689948076075 344.947636784579 222.675234499181 106.527154532838 338.823314465524 212.140117661797 154.264537783417 490.401667853417 210.587442154027 154.138594593611 433.169268541392
123 531.090280996367 -207.209782872272 1269.39034486501 515.600214343735 -339.249518754607 1370.44994744208 479.893132573724 199.659566461974 3281.47497495968 389.255863675376 194.061503448439 932.844520890827
117 250.439983713319 27.2949182116035 473.585049215035 247.254281679522 8.16329047153553 486.345272887509 226.84824315282 143.067618625864 942.77776193984 214.985474759207 142.357655175611 474.128429396066
115 205.249985665677 79.8981159137007 330.601855417653 204.037699475715 65.7858771251537 342.289521826276 192.30948174038 136.495704965628 496.718198176782 189.199882785246 136.261557839442 389.39118991609
136 226.309526946564 106.108146152814 346.510907740313 225.242752140906 91.8939751060648 358.591529175747 213.584942395022 158.137739023666 481.548158292293 209.496442918792 157.774166945691 383.376248267059
124 177.171246550734 98.4063346802469 255.936158421221 176.428460736082 97.0576606252729 255.799260846892 167.134680379609 135.0690179638 360.452918987443 166.213311250169 135.012912170316 306.516761168496
131 190.066489481862 122.170485939583 257.962493024141 189.618195799982 123.017260475826 256.219131124138 183.049672329061 147.743012818793 314.387268910021 182.420137685991 147.682302683764 299.556010125818
127 389.054333891943 -31.872488091007 809.981155874892 382.162802009758 -55.4419630474919 819.767567067008 355.854645409915 183.722039889859 1714.13457148763 308.246885799801 180.034676751378 658.966976266195
134 242.192268224175 92.7538991638439 391.630637284506 240.470914601856 102.01167203004 378.930157173673 226.967892002096 161.172744973029 604.105050707514 222.701664468486 160.825298454471 455.605923984679
137 175.994937937312 120.09642804965 231.893447824974 175.562663809207 115.806972427209 235.318355191205 168.432650083619 144.695074188126 292.368792432606 167.665755649346 144.640543766658 260.082242741439
133 194.74267304132 110.028250484143 279.457095598497 193.932638606263 109.222718287391 278.642558925135 184.711000931624 147.379384669897 383.435654895228 183.151941744619 147.254749008063 323.049823922664
135 210.181556686028 116.320995291392 304.042118080664 209.375436837344 113.334221708499 305.416651966189 200.337793720092 154.925604553485 400.453585700692 198.222324096236 154.721315282503 347.894104310059
121 347.093216030278 -65.1668573578065 759.353289418363 339.150378012255 -7.875200378903 686.175956403414 308.814504076416 161.095150327042 1868.51894935798 264.686921943348 158.397684225301 569.368843197819
116 202.624876431016 62.4262320880729 342.823520773958 200.637648781573 59.0314623303499 342.243835232796 186.262873670449 134.071302778541 633.404815744023 182.216833058456 133.819157998519 386.502874869926
125 164.185760850466 107.815869251714 220.555652449218 163.732138820205 101.037922631934 226.426355008476 156.646639650035 132.508343286037 284.757053622093 155.5549876216 132.426571973717 242.986124747776
134 285.918043140512 82.296335641952 489.539750639072 283.580700070706 70.3567353301299 496.804664811283 268.051876397802 174.192021200491 770.37606932323 260.96617668803 173.588704572352 570.592844476509
135 167.0353235491 126.155666078842 207.914981019358 166.811572775328 127.576303903937 206.046841646719 161.781664626539 141.855139332248 240.081359995536 161.362229436583 141.820393912083 228.872418483329
128 195.730959834088 102.795102275753 288.666817392422 194.840924608633 101.215214384708 288.466634832558 185.107196350254 144.243795949403 408.199996720041 183.401284268626 144.107878821668 338.985537546462
131 227.97862838619 75.086011816856 380.871244955523 226.172530219081 58.0419046965695 394.303155741592 209.934824950414 150.094820980638 618.558341948627 201.724427109901 149.522853699122 376.238884408872
133 246.273593881584 86.0001309328624 406.547056830305 244.342490686802 74.0568024231147 414.628178950488 229.999882155597 161.843436279454 655.599901545575 227.787569810041 161.698756777518 530.224035745941
